# Format: McCode with text headers
# URL: http://www.mccode.org
# Creator: 
# Instrument: McStas_input_HOPG_Ag.instr
# Ncount: 2000000000
# Trace: no
# Gravitation: no
# Seed: -47794045
# Directory: D:\Scientific_Paper_Collaboration_Assistant_System\A_GUI-based_tool_for_calculating_resolution_and_flux_of_neutron_powder_diffractometers\Github_ResoFox\Examples\McStas_input_HOPG_Ag_20250505_085748
# Param: I0=3.64e+014
# Param: Lambda=1.65
# Param: Beta=30
# Param: Mono_d=3.35
# Param: Focus_H=0
# Param: Focus_V=0
# Param: Co1=30
# Param: Co2=30
# Param: Co3=30
# Param: L_MS=2
# Param: L_MSlit3=1.95
# Param: sample=Ag.laz
# Param: detector_bins=314
# Param: detector_height=0.2
# Param: m1=3
# Param: m2=1
# Date: Mon May 05 09:12:09 2025 (1746407529)
# type: array_1d(2000)
# Source: NARIDiff (McStas_input_HOPG_Ag.instr)
# component: E_Monitor_3
# position: 0.953786 0 9.25567
# title: Energy monitor
# Ncount: 2000000000
# filename: E_Monitor_sample_3.txt
# statistics: X0=30.2214; dX=3.91375;
# signal: Min=0; Max=1.53095e+007; Mean=100457;
# values: 2.00914e+008 782581 146605
# xvar: E
# yvar: (I,I_err)
# xlabel: Energy [meV]
# ylabel: Intensity
# xlimits: 0 200
# variables: E I I_err N
0.05 0 0 0 
0.15 0 0 0 
0.25 0 0 0 
0.35 0 0 0 
0.45 0 0 0 
0.55 0 0 0 
0.65 0 0 0 
0.75 0 0 0 
0.85 0 0 0 
0.95 0 0 0 
1.05 0 0 0 
1.15 0 0 0 
1.25 0 0 0 
1.35 0 0 0 
1.45 0 0 0 
1.55 0 0 0 
1.65 0 0 0 
1.75 0 0 0 
1.85 0 0 0 
1.95 0 0 0 
2.05 0 0 0 
2.15 0 0 0 
2.25 0 0 0 
2.35 0 0 0 
2.45 0 0 0 
2.55 0 0 0 
2.65 0 0 0 
2.75 0 0 0 
2.85 0 0 0 
2.95 0 0 0 
3.05 0 0 0 
3.15 0 0 0 
3.25 0 0 0 
3.35 0 0 0 
3.45 0 0 0 
3.55 0 0 0 
3.65 0 0 0 
3.75 0 0 0 
3.85 0 0 0 
3.95 0 0 0 
4.05 0 0 0 
4.15 0 0 0 
4.25 0 0 0 
4.35 0 0 0 
4.45 0 0 0 
4.55 0 0 0 
4.65 0 0 0 
4.75 0 0 0 
4.85 0 0 0 
4.95 0 0 0 
5.05 0 0 0 
5.15 0 0 0 
5.25 0 0 0 
5.35 0 0 0 
5.45 0 0 0 
5.55 0 0 0 
5.65 0 0 0 
5.75 0 0 0 
5.85 0 0 0 
5.95 0 0 0 
6.05 0 0 0 
6.15 0 0 0 
6.25 0 0 0 
6.35 0 0 0 
6.45 0 0 0 
6.55 0 0 0 
6.65 0 0 0 
6.75 0 0 0 
6.85 0 0 0 
6.95 0 0 0 
7.05 0 0 0 
7.15 0 0 0 
7.25 0 0 0 
7.35 0 0 0 
7.45 0 0 0 
7.55 0 0 0 
7.65 0 0 0 
7.75 0 0 0 
7.85 0 0 0 
7.95 0 0 0 
8.05 0 0 0 
8.15 0 0 0 
8.25 0 0 0 
8.35 0 0 0 
8.45 0 0 0 
8.55 0 0 0 
8.65 0 0 0 
8.75 0 0 0 
8.85 0 0 0 
8.95 0 0 0 
9.05 0 0 0 
9.15 0 0 0 
9.25 0 0 0 
9.35 0 0 0 
9.45 0 0 0 
9.55 0 0 0 
9.65 0 0 0 
9.75 0 0 0 
9.85 0 0 0 
9.95 0 0 0 
10.05 0 0 0 
10.15 0 0 0 
10.25 0 0 0 
10.35 0 0 0 
10.45 0 0 0 
10.55 0 0 0 
10.65 0 0 0 
10.75 0 0 0 
10.85 0 0 0 
10.95 0 0 0 
11.05 0 0 0 
11.15 0 0 0 
11.25 0 0 0 
11.35 0 0 0 
11.45 0 0 0 
11.55 0 0 0 
11.65 0 0 0 
11.75 0 0 0 
11.85 0 0 0 
11.95 0 0 0 
12.05 0 0 0 
12.15 0 0 0 
12.25 0 0 0 
12.35 0 0 0 
12.45 0 0 0 
12.55 0 0 0 
12.65 0 0 0 
12.75 0 0 0 
12.85 0 0 0 
12.95 0 0 0 
13.05 0 0 0 
13.15 0 0 0 
13.25 0 0 0 
13.35 0 0 0 
13.45 0 0 0 
13.55 0 0 0 
13.65 0 0 0 
13.75 0 0 0 
13.85 0 0 0 
13.95 0 0 0 
14.05 0 0 0 
14.15 0 0 0 
14.25 0 0 0 
14.35 0 0 0 
14.45 0 0 0 
14.55 0 0 0 
14.65 0 0 0 
14.75 0 0 0 
14.85 0 0 0 
14.95 0 0 0 
15.05 0 0 0 
15.15 0 0 0 
15.25 0 0 0 
15.35 0 0 0 
15.45 0 0 0 
15.55 0 0 0 
15.65 0 0 0 
15.75 0 0 0 
15.85 0 0 0 
15.95 0 0 0 
16.05 0 0 0 
16.15 0 0 0 
16.25 0 0 0 
16.35 0 0 0 
16.45 0 0 0 
16.55 0 0 0 
16.65 0 0 0 
16.75 0 0 0 
16.85 0 0 0 
16.95 0 0 0 
17.05 0 0 0 
17.15 0 0 0 
17.25 0 0 0 
17.35 0 0 0 
17.45 0 0 0 
17.55 0 0 0 
17.65 0 0 0 
17.75 0 0 0 
17.85 0 0 0 
17.95 0 0 0 
18.05 0 0 0 
18.15 0 0 0 
18.25 0 0 0 
18.35 0 0 0 
18.45 0 0 0 
18.55 0 0 0 
18.65 0 0 0 
18.75 0 0 0 
18.85 0 0 0 
18.95 0 0 0 
19.05 0 0 0 
19.15 0 0 0 
19.25 0 0 0 
19.35 0 0 0 
19.45 0 0 0 
19.55 0 0 0 
19.65 0 0 0 
19.75 0 0 0 
19.85 0 0 0 
19.95 0 0 0 
20.05 0 0 0 
20.15 0 0 0 
20.25 0 0 0 
20.35 0 0 0 
20.45 0 0 0 
20.55 0 0 0 
20.65 0 0 0 
20.75 0 0 0 
20.85 0 0 0 
20.95 0 0 0 
21.05 0 0 0 
21.15 0 0 0 
21.25 0 0 0 
21.35 0 0 0 
21.45 0 0 0 
21.55 0 0 0 
21.65 0 0 0 
21.75 0 0 0 
21.85 0 0 0 
21.95 0 0 0 
22.05 0 0 0 
22.15 0 0 0 
22.25 0 0 0 
22.35 0 0 0 
22.45 0 0 0 
22.55 0 0 0 
22.65 0 0 0 
22.75 0 0 0 
22.85 0 0 0 
22.95 0 0 0 
23.05 0 0 0 
23.15 0 0 0 
23.25 0 0 0 
23.35 0 0 0 
23.45 0 0 0 
23.55 0 0 0 
23.65 0 0 0 
23.75 0 0 0 
23.85 0 0 0 
23.95 0 0 0 
24.05 0 0 0 
24.15 0 0 0 
24.25 0 0 0 
24.35 0 0 0 
24.45 0 0 0 
24.55 0 0 0 
24.65 0 0 0 
24.75 0 0 0 
24.85 0 0 0 
24.95 0 0 0 
25.05 0 0 0 
25.15 0 0 0 
25.25 0 0 0 
25.35 0 0 0 
25.45 0 0 0 
25.55 0 0 0 
25.65 0 0 0 
25.75 0 0 0 
25.85 0 0 0 
25.95 0 0 0 
26.05 0 0 0 
26.15 0 0 0 
26.25 0 0 0 
26.35 0 0 0 
26.45 0 0 0 
26.55 0 0 0 
26.65 0 0 0 
26.75 0 0 0 
26.85 0 0 0 
26.95 0 0 0 
27.05 0 0 0 
27.15 0 0 0 
27.25 0 0 0 
27.35 0 0 0 
27.45 0 0 0 
27.55 0 0 0 
27.65 0 0 0 
27.75 0 0 0 
27.85 0 0 0 
27.95 0 0 0 
28.05 0.01232281307 0.01232281307 1 
28.15 796.4084483 87.13447435 129 
28.25 12463.59499 715.6755954 407 
28.35 53183.38769 2322.116639 689 
28.45 143139.6695 5021.529671 1025 
28.55 272156.811 8311.743216 1318 
28.65 479907.5882 12628.40715 1755 
28.75 685813.9032 16673.51583 2063 
28.85 1025362.503 22530.85764 2494 
28.95 1434541.321 29308.19507 2881 
29.05 1981863.444 37437.65153 3334 
29.15 2454336.252 44743.20103 3547 
29.25 3525863.321 61310.47553 3936 
29.35 5248638.27 90164.14931 4058 
29.45 8008730.787 132908.0664 4359 
29.55 10914516.15 180309.2045 4431 
29.65 13968497.68 226771.1611 4578 
29.75 14915193.51 240839.5366 4685 
29.85 14931356.48 243075.0399 4660 
29.95 15309548.94 247295.2909 4741 
30.05 14535622 237621.171 4651 
30.15 14691827.17 237207.668 4774 
30.25 13646069.6 222844.0591 4613 
30.35 12391931.42 206372.765 4395 
30.45 11162953.92 185874.9314 4394 
30.55 9343934.616 160522.8244 4095 
30.65 7925217.524 137657.1589 3957 
30.75 6360394.582 113718.0495 3750 
30.85 4984984.136 91839.16942 3524 
30.95 3635777.35 69784.82869 3265 
31.05 2540905.072 51320.93716 2954 
31.15 1737377.392 36743.43751 2734 
31.25 1073511.052 24863.59123 2289 
31.35 622210.7229 15199.30481 2114 
31.45 298356.3796 8107.094765 1714 
31.55 132829.0059 4022.994752 1432 
31.65 52601.12309 1799.834072 1146 
31.75 18183.91939 717.8206422 906 
31.85 4714.253547 230.5501259 613 
31.95 879.5554892 57.58913484 386 
32.05 109.3826771 9.791389162 229 
32.15 4.739561735 0.6381809877 111 
32.25 0.002998700972 0.002469757875 3 
32.35 0 0 0 
32.45 0 0 0 
32.55 0 0 0 
32.65 0 0 0 
32.75 0 0 0 
32.85 0 0 0 
32.95 0 0 0 
33.05 0 0 0 
33.15 0 0 0 
33.25 0 0 0 
33.35 0 0 0 
33.45 0 0 0 
33.55 0 0 0 
33.65 0 0 0 
33.75 0 0 0 
33.85 0 0 0 
33.95 0 0 0 
34.05 0 0 0 
34.15 0 0 0 
34.25 0 0 0 
34.35 0 0 0 
34.45 0 0 0 
34.55 0 0 0 
34.65 0 0 0 
34.75 0 0 0 
34.85 0 0 0 
34.95 0 0 0 
35.05 0 0 0 
35.15 0 0 0 
35.25 0 0 0 
35.35 0 0 0 
35.45 0 0 0 
35.55 0 0 0 
35.65 0 0 0 
35.75 0 0 0 
35.85 0 0 0 
35.95 0 0 0 
36.05 0 0 0 
36.15 0 0 0 
36.25 0 0 0 
36.35 0 0 0 
36.45 0 0 0 
36.55 0 0 0 
36.65 0 0 0 
36.75 0 0 0 
36.85 0 0 0 
36.95 0 0 0 
37.05 0 0 0 
37.15 0 0 0 
37.25 0 0 0 
37.35 0 0 0 
37.45 0 0 0 
37.55 0 0 0 
37.65 0 0 0 
37.75 0 0 0 
37.85 0 0 0 
37.95 0 0 0 
38.05 0 0 0 
38.15 0 0 0 
38.25 0 0 0 
38.35 0 0 0 
38.45 0 0 0 
38.55 0 0 0 
38.65 0 0 0 
38.75 0 0 0 
38.85 0 0 0 
38.95 0 0 0 
39.05 0 0 0 
39.15 0 0 0 
39.25 0 0 0 
39.35 0 0 0 
39.45 0 0 0 
39.55 0 0 0 
39.65 0 0 0 
39.75 0 0 0 
39.85 0 0 0 
39.95 0 0 0 
40.05 0 0 0 
40.15 0 0 0 
40.25 0 0 0 
40.35 0 0 0 
40.45 0 0 0 
40.55 0 0 0 
40.65 0 0 0 
40.75 0 0 0 
40.85 0 0 0 
40.95 0 0 0 
41.05 0 0 0 
41.15 0 0 0 
41.25 0 0 0 
41.35 0 0 0 
41.45 0 0 0 
41.55 0 0 0 
41.65 0 0 0 
41.75 0 0 0 
41.85 0 0 0 
41.95 0 0 0 
42.05 0 0 0 
42.15 0 0 0 
42.25 0 0 0 
42.35 0 0 0 
42.45 0 0 0 
42.55 0 0 0 
42.65 0 0 0 
42.75 0 0 0 
42.85 0 0 0 
42.95 0 0 0 
43.05 0 0 0 
43.15 0 0 0 
43.25 0 0 0 
43.35 0 0 0 
43.45 0 0 0 
43.55 0 0 0 
43.65 0 0 0 
43.75 0 0 0 
43.85 0 0 0 
43.95 0 0 0 
44.05 0 0 0 
44.15 0 0 0 
44.25 0 0 0 
44.35 0 0 0 
44.45 0 0 0 
44.55 0 0 0 
44.65 0 0 0 
44.75 0 0 0 
44.85 0 0 0 
44.95 0 0 0 
45.05 0 0 0 
45.15 0 0 0 
45.25 0 0 0 
45.35 0 0 0 
45.45 0 0 0 
45.55 0 0 0 
45.65 0 0 0 
45.75 0 0 0 
45.85 0 0 0 
45.95 0 0 0 
46.05 0 0 0 
46.15 0 0 0 
46.25 0 0 0 
46.35 0 0 0 
46.45 0 0 0 
46.55 0 0 0 
46.65 0 0 0 
46.75 0 0 0 
46.85 0 0 0 
46.95 0 0 0 
47.05 0 0 0 
47.15 0 0 0 
47.25 0 0 0 
47.35 0 0 0 
47.45 0 0 0 
47.55 0 0 0 
47.65 0 0 0 
47.75 0 0 0 
47.85 0 0 0 
47.95 0 0 0 
48.05 0 0 0 
48.15 0 0 0 
48.25 0 0 0 
48.35 0 0 0 
48.45 0 0 0 
48.55 0 0 0 
48.65 0 0 0 
48.75 0 0 0 
48.85 0 0 0 
48.95 0 0 0 
49.05 0 0 0 
49.15 0 0 0 
49.25 0 0 0 
49.35 0 0 0 
49.45 0 0 0 
49.55 0 0 0 
49.65 0 0 0 
49.75 0 0 0 
49.85 0 0 0 
49.95 0 0 0 
50.05 0 0 0 
50.15 0 0 0 
50.25 0 0 0 
50.35 0 0 0 
50.45 0 0 0 
50.55 0 0 0 
50.65 0 0 0 
50.75 0 0 0 
50.85 0 0 0 
50.95 0 0 0 
51.05 0 0 0 
51.15 0 0 0 
51.25 0 0 0 
51.35 0 0 0 
51.45 0 0 0 
51.55 0 0 0 
51.65 0 0 0 
51.75 0 0 0 
51.85 0 0 0 
51.95 0 0 0 
52.05 0 0 0 
52.15 0 0 0 
52.25 0 0 0 
52.35 0 0 0 
52.45 0 0 0 
52.55 0 0 0 
52.65 0 0 0 
52.75 0 0 0 
52.85 0 0 0 
52.95 0 0 0 
53.05 0 0 0 
53.15 0 0 0 
53.25 0 0 0 
53.35 0 0 0 
53.45 0 0 0 
53.55 0 0 0 
53.65 0 0 0 
53.75 0 0 0 
53.85 0 0 0 
53.95 0 0 0 
54.05 0 0 0 
54.15 0 0 0 
54.25 0 0 0 
54.35 0 0 0 
54.45 0 0 0 
54.55 0 0 0 
54.65 0 0 0 
54.75 0 0 0 
54.85 0 0 0 
54.95 0 0 0 
55.05 0 0 0 
55.15 0 0 0 
55.25 0 0 0 
55.35 0 0 0 
55.45 0 0 0 
55.55 0 0 0 
55.65 0 0 0 
55.75 0 0 0 
55.85 0 0 0 
55.95 0 0 0 
56.05 0 0 0 
56.15 0 0 0 
56.25 0 0 0 
56.35 0 0 0 
56.45 0 0 0 
56.55 0 0 0 
56.65 0 0 0 
56.75 0 0 0 
56.85 0 0 0 
56.95 0 0 0 
57.05 0 0 0 
57.15 0 0 0 
57.25 0 0 0 
57.35 0 0 0 
57.45 0 0 0 
57.55 0 0 0 
57.65 0 0 0 
57.75 0 0 0 
57.85 0 0 0 
57.95 0 0 0 
58.05 0 0 0 
58.15 0 0 0 
58.25 0 0 0 
58.35 0 0 0 
58.45 0 0 0 
58.55 0 0 0 
58.65 0 0 0 
58.75 0 0 0 
58.85 0 0 0 
58.95 0 0 0 
59.05 0 0 0 
59.15 0 0 0 
59.25 0 0 0 
59.35 0 0 0 
59.45 0 0 0 
59.55 0 0 0 
59.65 0 0 0 
59.75 0 0 0 
59.85 0 0 0 
59.95 0 0 0 
60.05 0 0 0 
60.15 0 0 0 
60.25 0 0 0 
60.35 0 0 0 
60.45 0 0 0 
60.55 0 0 0 
60.65 0 0 0 
60.75 0 0 0 
60.85 0 0 0 
60.95 0 0 0 
61.05 0 0 0 
61.15 0 0 0 
61.25 0 0 0 
61.35 0 0 0 
61.45 0 0 0 
61.55 0 0 0 
61.65 0 0 0 
61.75 0 0 0 
61.85 0 0 0 
61.95 0 0 0 
62.05 0 0 0 
62.15 0 0 0 
62.25 0 0 0 
62.35 0 0 0 
62.45 0 0 0 
62.55 0 0 0 
62.65 0 0 0 
62.75 0 0 0 
62.85 0 0 0 
62.95 0 0 0 
63.05 0 0 0 
63.15 0 0 0 
63.25 0 0 0 
63.35 0 0 0 
63.45 0 0 0 
63.55 0 0 0 
63.65 0 0 0 
63.75 0 0 0 
63.85 0 0 0 
63.95 0 0 0 
64.05 0 0 0 
64.15 0 0 0 
64.25 0 0 0 
64.35 0 0 0 
64.45 0 0 0 
64.55 0 0 0 
64.65 0 0 0 
64.75 0 0 0 
64.85 0 0 0 
64.95 0 0 0 
65.05 0 0 0 
65.15 0 0 0 
65.25 0 0 0 
65.35 0 0 0 
65.45 0 0 0 
65.55 0 0 0 
65.65 0 0 0 
65.75 0 0 0 
65.85 0 0 0 
65.95 0 0 0 
66.05 0 0 0 
66.15 0 0 0 
66.25 0 0 0 
66.35 0 0 0 
66.45 0 0 0 
66.55 0 0 0 
66.65 0 0 0 
66.75 0 0 0 
66.85 0 0 0 
66.95 0 0 0 
67.05 0 0 0 
67.15 0 0 0 
67.25 0 0 0 
67.35 0 0 0 
67.45 0 0 0 
67.55 0 0 0 
67.65 0 0 0 
67.75 0 0 0 
67.85 0 0 0 
67.95 0 0 0 
68.05 0 0 0 
68.15 0 0 0 
68.25 0 0 0 
68.35 0 0 0 
68.45 0 0 0 
68.55 0 0 0 
68.65 0 0 0 
68.75 0 0 0 
68.85 0 0 0 
68.95 0 0 0 
69.05 0 0 0 
69.15 0 0 0 
69.25 0 0 0 
69.35 0 0 0 
69.45 0 0 0 
69.55 0 0 0 
69.65 0 0 0 
69.75 0 0 0 
69.85 0 0 0 
69.95 0 0 0 
70.05 0 0 0 
70.15 0 0 0 
70.25 0 0 0 
70.35 0 0 0 
70.45 0 0 0 
70.55 0 0 0 
70.65 0 0 0 
70.75 0 0 0 
70.85 0 0 0 
70.95 0 0 0 
71.05 0 0 0 
71.15 0 0 0 
71.25 0 0 0 
71.35 0 0 0 
71.45 0 0 0 
71.55 0 0 0 
71.65 0 0 0 
71.75 0 0 0 
71.85 0 0 0 
71.95 0 0 0 
72.05 0 0 0 
72.15 0 0 0 
72.25 0 0 0 
72.35 0 0 0 
72.45 0 0 0 
72.55 0 0 0 
72.65 0 0 0 
72.75 0 0 0 
72.85 0 0 0 
72.95 0 0 0 
73.05 0 0 0 
73.15 0 0 0 
73.25 0 0 0 
73.35 0 0 0 
73.45 0 0 0 
73.55 0 0 0 
73.65 0 0 0 
73.75 0 0 0 
73.85 0 0 0 
73.95 0 0 0 
74.05 0 0 0 
74.15 0 0 0 
74.25 0 0 0 
74.35 0 0 0 
74.45 0 0 0 
74.55 0 0 0 
74.65 0 0 0 
74.75 0 0 0 
74.85 0 0 0 
74.95 0 0 0 
75.05 0 0 0 
75.15 0 0 0 
75.25 0 0 0 
75.35 0 0 0 
75.45 0 0 0 
75.55 0 0 0 
75.65 0 0 0 
75.75 0 0 0 
75.85 0 0 0 
75.95 0 0 0 
76.05 0 0 0 
76.15 0 0 0 
76.25 0 0 0 
76.35 0 0 0 
76.45 0 0 0 
76.55 0 0 0 
76.65 0 0 0 
76.75 0 0 0 
76.85 0 0 0 
76.95 0 0 0 
77.05 0 0 0 
77.15 0 0 0 
77.25 0 0 0 
77.35 0 0 0 
77.45 0 0 0 
77.55 0 0 0 
77.65 0 0 0 
77.75 0 0 0 
77.85 0 0 0 
77.95 0 0 0 
78.05 0 0 0 
78.15 0 0 0 
78.25 0 0 0 
78.35 0 0 0 
78.45 0 0 0 
78.55 0 0 0 
78.65 0 0 0 
78.75 0 0 0 
78.85 0 0 0 
78.95 0 0 0 
79.05 0 0 0 
79.15 0 0 0 
79.25 0 0 0 
79.35 0 0 0 
79.45 0 0 0 
79.55 0 0 0 
79.65 0 0 0 
79.75 0 0 0 
79.85 0 0 0 
79.95 0 0 0 
80.05 0 0 0 
80.15 0 0 0 
80.25 0 0 0 
80.35 0 0 0 
80.45 0 0 0 
80.55 0 0 0 
80.65 0 0 0 
80.75 0 0 0 
80.85 0 0 0 
80.95 0 0 0 
81.05 0 0 0 
81.15 0 0 0 
81.25 0 0 0 
81.35 0 0 0 
81.45 0 0 0 
81.55 0 0 0 
81.65 0 0 0 
81.75 0 0 0 
81.85 0 0 0 
81.95 0 0 0 
82.05 0 0 0 
82.15 0 0 0 
82.25 0 0 0 
82.35 0 0 0 
82.45 0 0 0 
82.55 0 0 0 
82.65 0 0 0 
82.75 0 0 0 
82.85 0 0 0 
82.95 0 0 0 
83.05 0 0 0 
83.15 0 0 0 
83.25 0 0 0 
83.35 0 0 0 
83.45 0 0 0 
83.55 0 0 0 
83.65 0 0 0 
83.75 0 0 0 
83.85 0 0 0 
83.95 0 0 0 
84.05 0 0 0 
84.15 0 0 0 
84.25 0 0 0 
84.35 0 0 0 
84.45 0 0 0 
84.55 0 0 0 
84.65 0 0 0 
84.75 0 0 0 
84.85 0 0 0 
84.95 0 0 0 
85.05 0 0 0 
85.15 0 0 0 
85.25 0 0 0 
85.35 0 0 0 
85.45 0 0 0 
85.55 0 0 0 
85.65 0 0 0 
85.75 0 0 0 
85.85 0 0 0 
85.95 0 0 0 
86.05 0 0 0 
86.15 0 0 0 
86.25 0 0 0 
86.35 0 0 0 
86.45 0 0 0 
86.55 0 0 0 
86.65 0 0 0 
86.75 0 0 0 
86.85 0 0 0 
86.95 0 0 0 
87.05 0 0 0 
87.15 0 0 0 
87.25 0 0 0 
87.35 0 0 0 
87.45 0 0 0 
87.55 0 0 0 
87.65 0 0 0 
87.75 0 0 0 
87.85 0 0 0 
87.95 0 0 0 
88.05 0 0 0 
88.15 0 0 0 
88.25 0 0 0 
88.35 0 0 0 
88.45 0 0 0 
88.55 0 0 0 
88.65 0 0 0 
88.75 0 0 0 
88.85 0 0 0 
88.95 0 0 0 
89.05 0 0 0 
89.15 0 0 0 
89.25 0 0 0 
89.35 0 0 0 
89.45 0 0 0 
89.55 0 0 0 
89.65 0 0 0 
89.75 0 0 0 
89.85 0 0 0 
89.95 0 0 0 
90.05 0 0 0 
90.15 0 0 0 
90.25 0 0 0 
90.35 0 0 0 
90.45 0 0 0 
90.55 0 0 0 
90.65 0 0 0 
90.75 0 0 0 
90.85 0 0 0 
90.95 0 0 0 
91.05 0 0 0 
91.15 0 0 0 
91.25 0 0 0 
91.35 0 0 0 
91.45 0 0 0 
91.55 0 0 0 
91.65 0 0 0 
91.75 0 0 0 
91.85 0 0 0 
91.95 0 0 0 
92.05 0 0 0 
92.15 0 0 0 
92.25 0 0 0 
92.35 0 0 0 
92.45 0 0 0 
92.55 0 0 0 
92.65 0 0 0 
92.75 0 0 0 
92.85 0 0 0 
92.95 0 0 0 
93.05 0 0 0 
93.15 0 0 0 
93.25 0 0 0 
93.35 0 0 0 
93.45 0 0 0 
93.55 0 0 0 
93.65 0 0 0 
93.75 0 0 0 
93.85 0 0 0 
93.95 0 0 0 
94.05 0 0 0 
94.15 0 0 0 
94.25 0 0 0 
94.35 0 0 0 
94.45 0 0 0 
94.55 0 0 0 
94.65 0 0 0 
94.75 0 0 0 
94.85 0 0 0 
94.95 0 0 0 
95.05 0 0 0 
95.15 0 0 0 
95.25 0 0 0 
95.35 0 0 0 
95.45 0 0 0 
95.55 0 0 0 
95.65 0 0 0 
95.75 0 0 0 
95.85 0 0 0 
95.95 0 0 0 
96.05 0 0 0 
96.15 0 0 0 
96.25 0 0 0 
96.35 0 0 0 
96.45 0 0 0 
96.55 0 0 0 
96.65 0 0 0 
96.75 0 0 0 
96.85 0 0 0 
96.95 0 0 0 
97.05 0 0 0 
97.15 0 0 0 
97.25 0 0 0 
97.35 0 0 0 
97.45 0 0 0 
97.55 0 0 0 
97.65 0 0 0 
97.75 0 0 0 
97.85 0 0 0 
97.95 0 0 0 
98.05 0 0 0 
98.15 0 0 0 
98.25 0 0 0 
98.35 0 0 0 
98.45 0 0 0 
98.55 0 0 0 
98.65 0 0 0 
98.75 0 0 0 
98.85 0 0 0 
98.95 0 0 0 
99.05 0 0 0 
99.15 0 0 0 
99.25 0 0 0 
99.35 0 0 0 
99.45 0 0 0 
99.55 0 0 0 
99.65 0 0 0 
99.75 0 0 0 
99.85 0 0 0 
99.95 0 0 0 
100.05 0 0 0 
100.15 0 0 0 
100.25 0 0 0 
100.35 0 0 0 
100.45 0 0 0 
100.55 0 0 0 
100.65 0 0 0 
100.75 0 0 0 
100.85 0 0 0 
100.95 0 0 0 
101.05 0 0 0 
101.15 0 0 0 
101.25 0 0 0 
101.35 0 0 0 
101.45 0 0 0 
101.55 0 0 0 
101.65 0 0 0 
101.75 0 0 0 
101.85 0 0 0 
101.95 0 0 0 
102.05 0 0 0 
102.15 0 0 0 
102.25 0 0 0 
102.35 0 0 0 
102.45 0 0 0 
102.55 0 0 0 
102.65 0 0 0 
102.75 0 0 0 
102.85 0 0 0 
102.95 0 0 0 
103.05 0 0 0 
103.15 0 0 0 
103.25 0 0 0 
103.35 0 0 0 
103.45 0 0 0 
103.55 0 0 0 
103.65 0 0 0 
103.75 0 0 0 
103.85 0 0 0 
103.95 0 0 0 
104.05 0 0 0 
104.15 0 0 0 
104.25 0 0 0 
104.35 0 0 0 
104.45 0 0 0 
104.55 0 0 0 
104.65 0 0 0 
104.75 0 0 0 
104.85 0 0 0 
104.95 0 0 0 
105.05 0 0 0 
105.15 0 0 0 
105.25 0 0 0 
105.35 0 0 0 
105.45 0 0 0 
105.55 0 0 0 
105.65 0 0 0 
105.75 0 0 0 
105.85 0 0 0 
105.95 0 0 0 
106.05 0 0 0 
106.15 0 0 0 
106.25 0 0 0 
106.35 0 0 0 
106.45 0 0 0 
106.55 0 0 0 
106.65 0 0 0 
106.75 0 0 0 
106.85 0 0 0 
106.95 0 0 0 
107.05 0 0 0 
107.15 0 0 0 
107.25 0 0 0 
107.35 0 0 0 
107.45 0 0 0 
107.55 0 0 0 
107.65 0 0 0 
107.75 0 0 0 
107.85 0 0 0 
107.95 0 0 0 
108.05 0 0 0 
108.15 0 0 0 
108.25 0 0 0 
108.35 0 0 0 
108.45 0 0 0 
108.55 0 0 0 
108.65 0 0 0 
108.75 0 0 0 
108.85 0 0 0 
108.95 0 0 0 
109.05 0 0 0 
109.15 0 0 0 
109.25 0 0 0 
109.35 0 0 0 
109.45 0 0 0 
109.55 0 0 0 
109.65 0 0 0 
109.75 0 0 0 
109.85 0 0 0 
109.95 0 0 0 
110.05 0 0 0 
110.15 0 0 0 
110.25 0 0 0 
110.35 0 0 0 
110.45 0 0 0 
110.55 0 0 0 
110.65 0 0 0 
110.75 0 0 0 
110.85 0 0 0 
110.95 0 0 0 
111.05 0 0 0 
111.15 0 0 0 
111.25 0 0 0 
111.35 0 0 0 
111.45 0 0 0 
111.55 0 0 0 
111.65 0 0 0 
111.75 0 0 0 
111.85 0 0 0 
111.95 0 0 0 
112.05 0 0 0 
112.15 0 0 0 
112.25 0 0 0 
112.35 0 0 0 
112.45 0 0 0 
112.55 0 0 0 
112.65 0 0 0 
112.75 0 0 0 
112.85 0 0 0 
112.95 0 0 0 
113.05 0 0 0 
113.15 0 0 0 
113.25 0 0 0 
113.35 8.137522751e-009 5.424399953e-009 3 
113.45 1.278579428e-007 4.963533133e-008 11 
113.55 1.127648713e-006 4.291465801e-007 11 
113.65 3.254402081e-006 1.535706666e-006 16 
113.75 7.029775223e-005 3.904521368e-005 17 
113.85 0.00109546708 0.0004953086343 22 
113.95 0.01513186455 0.00724110749 32 
114.05 0.1146762573 0.05136836736 33 
114.15 1.025420819 0.3745566697 52 
114.25 8.305374297 2.967959393 49 
114.35 12.10883689 4.669443422 45 
114.45 70.20477061 18.34158675 64 
114.55 86.30513508 23.41566316 82 
114.65 187.5845404 43.77891225 74 
114.75 268.5653416 55.50706448 79 
114.85 404.2370913 77.53853298 94 
114.95 466.4211632 86.40958539 101 
115.05 594.0419571 108.5893493 104 
115.15 855.4902871 136.3728306 120 
115.25 1174.215531 162.8900043 140 
115.35 1105.503502 173.1190001 140 
115.45 1264.260087 184.6986766 143 
115.55 1475.314313 207.54757 140 
115.65 2394.414529 268.6222171 182 
115.75 2809.669052 309.5176095 161 
115.85 2932.964307 324.7219861 200 
115.95 3277.946909 348.58609 185 
116.05 3927.729041 383.6183585 222 
116.15 4292.767953 411.8269063 212 
116.25 4576.845904 431.7837076 204 
116.35 5344.065789 466.6612147 266 
116.45 5444.557546 482.7129833 249 
116.55 5024.86004 468.7563666 239 
116.65 5835.998995 500.7751184 255 
116.75 6779.817641 547.9876196 292 
116.85 6900.151999 557.5493569 279 
116.95 6975.485644 560.6678857 285 
117.05 7622.487758 588.9643613 292 
117.15 8688.552087 627.2027747 291 
117.25 7622.447039 580.8085455 298 
117.35 9358.973131 637.4364686 334 
117.45 8347.778184 605.0381566 308 
117.55 10328.17622 668.4146907 378 
117.65 11208.29051 682.8944794 386 
117.75 9664.954727 633.7837624 341 
117.85 10248.01761 645.277816 360 
117.95 10675.21852 648.7264281 396 
118.05 9647.687591 604.875805 356 
118.15 9597.676969 593.2346244 392 
118.25 9401.813849 576.2568741 367 
118.35 9053.378021 548.9089861 376 
118.45 9749.833564 561.6230396 414 
118.55 9568.623362 544.0471707 410 
118.65 9460.660014 528.5485318 400 
118.75 8261.018064 479.6541882 392 
118.85 8188.744764 460.6353005 425 
118.95 8245.143462 455.726034 425 
119.05 7679.275818 427.5979494 417 
119.15 7610.132453 412.875946 438 
119.25 6412.809796 365.5361766 398 
119.35 6303.805266 350.4659756 425 
119.45 5918.326255 327.8081477 418 
119.55 5422.638283 307.0508828 423 
119.65 5212.829721 295.3059295 410 
119.75 5174.137835 283.5481026 419 
119.85 4757.793299 263.5306062 441 
119.95 4713.371651 257.0130362 439 
120.05 4065.325532 228.6425618 409 
120.15 4184.001098 225.9361827 441 
120.25 3517.713379 201.7115888 407 
120.35 3344.162068 192.7423911 388 
120.45 3689.17471 199.2445287 456 
120.55 3467.788066 188.823128 451 
120.65 3045.22097 172.2627175 402 
120.75 3084.153774 168.1105758 433 
120.85 2935.859041 161.4620776 424 
120.95 2513.684347 145.1963068 405 
121.05 2715.568533 149.797564 416 
121.15 2466.144911 138.3026954 424 
121.25 2171.384455 126.8694214 396 
121.35 2389.162735 132.0407581 434 
121.45 2106.36136 120.1238475 416 
121.55 2007.177547 116.2692328 391 
121.65 2032.002948 114.3609865 403 
121.75 1854.844843 106.647717 397 
121.85 1713.166384 100.0157627 387 
121.95 1730.17717 98.22253945 414 
122.05 1304.344992 83.65964673 326 
122.15 1263.293431 79.79056047 362 
122.25 1156.466861 74.76509141 333 
122.35 1000.654195 67.63503211 311 
122.45 1013.012719 66.40495568 323 
122.55 929.2275568 62.03278536 319 
122.65 840.4048022 57.15719016 305 
122.75 811.2410715 54.36707465 321 
122.85 656.6568829 47.31843101 306 
122.95 699.6363116 47.76337768 317 
123.05 546.6558633 40.6955594 263 
123.15 500.9222142 37.40884419 287 
123.25 485.6085279 35.68124996 296 
123.35 347.8330205 29.14421663 249 
123.45 360.6044605 28.41713601 267 
123.55 268.1106139 23.70340091 235 
123.65 237.2651411 21.31868747 228 
123.75 223.6979967 19.72254325 228 
123.85 204.7876257 18.5720928 208 
123.95 143.6034458 14.40438027 206 
124.05 151.0006681 14.53588548 199 
124.15 133.3111019 12.96582662 210 
124.25 112.8275445 11.54325255 182 
124.35 122.1336459 11.40993947 198 
124.45 82.47495916 8.893433829 171 
124.55 65.03944667 7.438272788 163 
124.65 64.11497 7.122486648 159 
124.75 43.79001116 5.474375857 157 
124.85 48.81812729 5.678983287 157 
124.95 32.20975237 4.257697185 136 
125.05 27.09964712 3.707262762 120 
125.15 15.45506464 2.571856228 99 
125.25 16.50278011 2.528036207 112 
125.35 16.65116059 2.408322346 108 
125.45 11.76655922 1.905887992 115 
125.55 6.952256856 1.326928626 87 
125.65 4.273487711 0.9630691311 74 
125.75 3.402385213 0.8007768434 65 
125.85 3.381612028 0.7428910183 85 
125.95 2.004553992 0.4914618599 59 
126.05 1.295616611 0.3640066884 59 
126.15 0.6105707918 0.202015474 57 
126.25 0.428742687 0.1361096054 51 
126.35 0.2258921013 0.07655502045 58 
126.45 0.05020559129 0.0266592819 39 
126.55 0.008223298031 0.00424990788 37 
126.65 0.001142272256 0.0008207618045 41 
126.75 0.0002362071502 0.0001888841947 23 
126.85 4.677070064e-005 1.851167058e-005 25 
126.95 1.852925881e-006 9.902228148e-007 19 
127.05 2.105714117e-007 1.35712733e-007 19 
127.15 3.583417806e-008 1.964614212e-008 10 
127.25 2.162063286e-009 1.415862176e-009 5 
127.35 6.784607339e-010 3.309236828e-010 7 
127.45 6.877646744e-011 4.650755601e-011 3 
127.55 0 0 0 
127.65 0 0 0 
127.75 0 0 0 
127.85 0 0 0 
127.95 0 0 0 
128.05 0 0 0 
128.15 0 0 0 
128.25 0 0 0 
128.35 0 0 0 
128.45 0 0 0 
128.55 0 0 0 
128.65 0 0 0 
128.75 0 0 0 
128.85 0 0 0 
128.95 0 0 0 
129.05 0 0 0 
129.15 0 0 0 
129.25 0 0 0 
129.35 0 0 0 
129.45 0 0 0 
129.55 0 0 0 
129.65 0 0 0 
129.75 0 0 0 
129.85 0 0 0 
129.95 0 0 0 
130.05 0 0 0 
130.15 0 0 0 
130.25 0 0 0 
130.35 0 0 0 
130.45 0 0 0 
130.55 0 0 0 
130.65 0 0 0 
130.75 0 0 0 
130.85 0 0 0 
130.95 0 0 0 
131.05 0 0 0 
131.15 0 0 0 
131.25 0 0 0 
131.35 0 0 0 
131.45 0 0 0 
131.55 0 0 0 
131.65 0 0 0 
131.75 0 0 0 
131.85 0 0 0 
131.95 0 0 0 
132.05 0 0 0 
132.15 0 0 0 
132.25 0 0 0 
132.35 0 0 0 
132.45 0 0 0 
132.55 0 0 0 
132.65 0 0 0 
132.75 0 0 0 
132.85 0 0 0 
132.95 0 0 0 
133.05 0 0 0 
133.15 0 0 0 
133.25 0 0 0 
133.35 0 0 0 
133.45 0 0 0 
133.55 0 0 0 
133.65 0 0 0 
133.75 0 0 0 
133.85 0 0 0 
133.95 0 0 0 
134.05 0 0 0 
134.15 0 0 0 
134.25 0 0 0 
134.35 0 0 0 
134.45 0 0 0 
134.55 0 0 0 
134.65 0 0 0 
134.75 0 0 0 
134.85 0 0 0 
134.95 0 0 0 
135.05 0 0 0 
135.15 0 0 0 
135.25 0 0 0 
135.35 0 0 0 
135.45 0 0 0 
135.55 0 0 0 
135.65 0 0 0 
135.75 0 0 0 
135.85 0 0 0 
135.95 0 0 0 
136.05 0 0 0 
136.15 0 0 0 
136.25 0 0 0 
136.35 0 0 0 
136.45 0 0 0 
136.55 0 0 0 
136.65 0 0 0 
136.75 0 0 0 
136.85 0 0 0 
136.95 0 0 0 
137.05 0 0 0 
137.15 0 0 0 
137.25 0 0 0 
137.35 0 0 0 
137.45 0 0 0 
137.55 0 0 0 
137.65 0 0 0 
137.75 0 0 0 
137.85 0 0 0 
137.95 0 0 0 
138.05 0 0 0 
138.15 0 0 0 
138.25 0 0 0 
138.35 0 0 0 
138.45 0 0 0 
138.55 0 0 0 
138.65 0 0 0 
138.75 0 0 0 
138.85 0 0 0 
138.95 0 0 0 
139.05 0 0 0 
139.15 0 0 0 
139.25 0 0 0 
139.35 0 0 0 
139.45 0 0 0 
139.55 0 0 0 
139.65 0 0 0 
139.75 0 0 0 
139.85 0 0 0 
139.95 0 0 0 
140.05 0 0 0 
140.15 0 0 0 
140.25 0 0 0 
140.35 0 0 0 
140.45 0 0 0 
140.55 0 0 0 
140.65 0 0 0 
140.75 0 0 0 
140.85 0 0 0 
140.95 0 0 0 
141.05 0 0 0 
141.15 0 0 0 
141.25 0 0 0 
141.35 0 0 0 
141.45 0 0 0 
141.55 0 0 0 
141.65 0 0 0 
141.75 0 0 0 
141.85 0 0 0 
141.95 0 0 0 
142.05 0 0 0 
142.15 0 0 0 
142.25 0 0 0 
142.35 0 0 0 
142.45 0 0 0 
142.55 0 0 0 
142.65 0 0 0 
142.75 0 0 0 
142.85 0 0 0 
142.95 0 0 0 
143.05 0 0 0 
143.15 0 0 0 
143.25 0 0 0 
143.35 0 0 0 
143.45 0 0 0 
143.55 0 0 0 
143.65 0 0 0 
143.75 0 0 0 
143.85 0 0 0 
143.95 0 0 0 
144.05 0 0 0 
144.15 0 0 0 
144.25 0 0 0 
144.35 0 0 0 
144.45 0 0 0 
144.55 0 0 0 
144.65 0 0 0 
144.75 0 0 0 
144.85 0 0 0 
144.95 0 0 0 
145.05 0 0 0 
145.15 0 0 0 
145.25 0 0 0 
145.35 0 0 0 
145.45 0 0 0 
145.55 0 0 0 
145.65 0 0 0 
145.75 0 0 0 
145.85 0 0 0 
145.95 0 0 0 
146.05 0 0 0 
146.15 0 0 0 
146.25 0 0 0 
146.35 0 0 0 
146.45 0 0 0 
146.55 0 0 0 
146.65 0 0 0 
146.75 0 0 0 
146.85 0 0 0 
146.95 0 0 0 
147.05 0 0 0 
147.15 0 0 0 
147.25 0 0 0 
147.35 0 0 0 
147.45 0 0 0 
147.55 0 0 0 
147.65 0 0 0 
147.75 0 0 0 
147.85 0 0 0 
147.95 0 0 0 
148.05 0 0 0 
148.15 0 0 0 
148.25 0 0 0 
148.35 0 0 0 
148.45 0 0 0 
148.55 0 0 0 
148.65 0 0 0 
148.75 0 0 0 
148.85 0 0 0 
148.95 0 0 0 
149.05 0 0 0 
149.15 0 0 0 
149.25 0 0 0 
149.35 0 0 0 
149.45 0 0 0 
149.55 0 0 0 
149.65 0 0 0 
149.75 0 0 0 
149.85 0 0 0 
149.95 0 0 0 
150.05 0 0 0 
150.15 0 0 0 
150.25 0 0 0 
150.35 0 0 0 
150.45 0 0 0 
150.55 0 0 0 
150.65 0 0 0 
150.75 0 0 0 
150.85 0 0 0 
150.95 0 0 0 
151.05 0 0 0 
151.15 0 0 0 
151.25 0 0 0 
151.35 0 0 0 
151.45 0 0 0 
151.55 0 0 0 
151.65 0 0 0 
151.75 0 0 0 
151.85 0 0 0 
151.95 0 0 0 
152.05 0 0 0 
152.15 0 0 0 
152.25 0 0 0 
152.35 0 0 0 
152.45 0 0 0 
152.55 0 0 0 
152.65 0 0 0 
152.75 0 0 0 
152.85 0 0 0 
152.95 0 0 0 
153.05 0 0 0 
153.15 0 0 0 
153.25 0 0 0 
153.35 0 0 0 
153.45 0 0 0 
153.55 0 0 0 
153.65 0 0 0 
153.75 0 0 0 
153.85 0 0 0 
153.95 0 0 0 
154.05 0 0 0 
154.15 0 0 0 
154.25 0 0 0 
154.35 0 0 0 
154.45 0 0 0 
154.55 0 0 0 
154.65 0 0 0 
154.75 0 0 0 
154.85 0 0 0 
154.95 0 0 0 
155.05 0 0 0 
155.15 0 0 0 
155.25 0 0 0 
155.35 0 0 0 
155.45 0 0 0 
155.55 0 0 0 
155.65 0 0 0 
155.75 0 0 0 
155.85 0 0 0 
155.95 0 0 0 
156.05 0 0 0 
156.15 0 0 0 
156.25 0 0 0 
156.35 0 0 0 
156.45 0 0 0 
156.55 0 0 0 
156.65 0 0 0 
156.75 0 0 0 
156.85 0 0 0 
156.95 0 0 0 
157.05 0 0 0 
157.15 0 0 0 
157.25 0 0 0 
157.35 0 0 0 
157.45 0 0 0 
157.55 0 0 0 
157.65 0 0 0 
157.75 0 0 0 
157.85 0 0 0 
157.95 0 0 0 
158.05 0 0 0 
158.15 0 0 0 
158.25 0 0 0 
158.35 0 0 0 
158.45 0 0 0 
158.55 0 0 0 
158.65 0 0 0 
158.75 0 0 0 
158.85 0 0 0 
158.95 0 0 0 
159.05 0 0 0 
159.15 0 0 0 
159.25 0 0 0 
159.35 0 0 0 
159.45 0 0 0 
159.55 0 0 0 
159.65 0 0 0 
159.75 0 0 0 
159.85 0 0 0 
159.95 0 0 0 
160.05 0 0 0 
160.15 0 0 0 
160.25 0 0 0 
160.35 0 0 0 
160.45 0 0 0 
160.55 0 0 0 
160.65 0 0 0 
160.75 0 0 0 
160.85 0 0 0 
160.95 0 0 0 
161.05 0 0 0 
161.15 0 0 0 
161.25 0 0 0 
161.35 0 0 0 
161.45 0 0 0 
161.55 0 0 0 
161.65 0 0 0 
161.75 0 0 0 
161.85 0 0 0 
161.95 0 0 0 
162.05 0 0 0 
162.15 0 0 0 
162.25 0 0 0 
162.35 0 0 0 
162.45 0 0 0 
162.55 0 0 0 
162.65 0 0 0 
162.75 0 0 0 
162.85 0 0 0 
162.95 0 0 0 
163.05 0 0 0 
163.15 0 0 0 
163.25 0 0 0 
163.35 0 0 0 
163.45 0 0 0 
163.55 0 0 0 
163.65 0 0 0 
163.75 0 0 0 
163.85 0 0 0 
163.95 0 0 0 
164.05 0 0 0 
164.15 0 0 0 
164.25 0 0 0 
164.35 0 0 0 
164.45 0 0 0 
164.55 0 0 0 
164.65 0 0 0 
164.75 0 0 0 
164.85 0 0 0 
164.95 0 0 0 
165.05 0 0 0 
165.15 0 0 0 
165.25 0 0 0 
165.35 0 0 0 
165.45 0 0 0 
165.55 0 0 0 
165.65 0 0 0 
165.75 0 0 0 
165.85 0 0 0 
165.95 0 0 0 
166.05 0 0 0 
166.15 0 0 0 
166.25 0 0 0 
166.35 0 0 0 
166.45 0 0 0 
166.55 0 0 0 
166.65 0 0 0 
166.75 0 0 0 
166.85 0 0 0 
166.95 0 0 0 
167.05 0 0 0 
167.15 0 0 0 
167.25 0 0 0 
167.35 0 0 0 
167.45 0 0 0 
167.55 0 0 0 
167.65 0 0 0 
167.75 0 0 0 
167.85 0 0 0 
167.95 0 0 0 
168.05 0 0 0 
168.15 0 0 0 
168.25 0 0 0 
168.35 0 0 0 
168.45 0 0 0 
168.55 0 0 0 
168.65 0 0 0 
168.75 0 0 0 
168.85 0 0 0 
168.95 0 0 0 
169.05 0 0 0 
169.15 0 0 0 
169.25 0 0 0 
169.35 0 0 0 
169.45 0 0 0 
169.55 0 0 0 
169.65 0 0 0 
169.75 0 0 0 
169.85 0 0 0 
169.95 0 0 0 
170.05 0 0 0 
170.15 0 0 0 
170.25 0 0 0 
170.35 0 0 0 
170.45 0 0 0 
170.55 0 0 0 
170.65 0 0 0 
170.75 0 0 0 
170.85 0 0 0 
170.95 0 0 0 
171.05 0 0 0 
171.15 0 0 0 
171.25 0 0 0 
171.35 0 0 0 
171.45 0 0 0 
171.55 0 0 0 
171.65 0 0 0 
171.75 0 0 0 
171.85 0 0 0 
171.95 0 0 0 
172.05 0 0 0 
172.15 0 0 0 
172.25 0 0 0 
172.35 0 0 0 
172.45 0 0 0 
172.55 0 0 0 
172.65 0 0 0 
172.75 0 0 0 
172.85 0 0 0 
172.95 0 0 0 
173.05 0 0 0 
173.15 0 0 0 
173.25 0 0 0 
173.35 0 0 0 
173.45 0 0 0 
173.55 0 0 0 
173.65 0 0 0 
173.75 0 0 0 
173.85 0 0 0 
173.95 0 0 0 
174.05 0 0 0 
174.15 0 0 0 
174.25 0 0 0 
174.35 0 0 0 
174.45 0 0 0 
174.55 0 0 0 
174.65 0 0 0 
174.75 0 0 0 
174.85 0 0 0 
174.95 0 0 0 
175.05 0 0 0 
175.15 0 0 0 
175.25 0 0 0 
175.35 0 0 0 
175.45 0 0 0 
175.55 0 0 0 
175.65 0 0 0 
175.75 0 0 0 
175.85 0 0 0 
175.95 0 0 0 
176.05 0 0 0 
176.15 0 0 0 
176.25 0 0 0 
176.35 0 0 0 
176.45 0 0 0 
176.55 0 0 0 
176.65 0 0 0 
176.75 0 0 0 
176.85 0 0 0 
176.95 0 0 0 
177.05 0 0 0 
177.15 0 0 0 
177.25 0 0 0 
177.35 0 0 0 
177.45 0 0 0 
177.55 0 0 0 
177.65 0 0 0 
177.75 0 0 0 
177.85 0 0 0 
177.95 0 0 0 
178.05 0 0 0 
178.15 0 0 0 
178.25 0 0 0 
178.35 0 0 0 
178.45 0 0 0 
178.55 0 0 0 
178.65 0 0 0 
178.75 0 0 0 
178.85 0 0 0 
178.95 0 0 0 
179.05 0 0 0 
179.15 0 0 0 
179.25 0 0 0 
179.35 0 0 0 
179.45 0 0 0 
179.55 0 0 0 
179.65 0 0 0 
179.75 0 0 0 
179.85 0 0 0 
179.95 0 0 0 
180.05 0 0 0 
180.15 0 0 0 
180.25 0 0 0 
180.35 0 0 0 
180.45 0 0 0 
180.55 0 0 0 
180.65 0 0 0 
180.75 0 0 0 
180.85 0 0 0 
180.95 0 0 0 
181.05 0 0 0 
181.15 0 0 0 
181.25 0 0 0 
181.35 0 0 0 
181.45 0 0 0 
181.55 0 0 0 
181.65 0 0 0 
181.75 0 0 0 
181.85 0 0 0 
181.95 0 0 0 
182.05 0 0 0 
182.15 0 0 0 
182.25 0 0 0 
182.35 0 0 0 
182.45 0 0 0 
182.55 0 0 0 
182.65 0 0 0 
182.75 0 0 0 
182.85 0 0 0 
182.95 0 0 0 
183.05 0 0 0 
183.15 0 0 0 
183.25 0 0 0 
183.35 0 0 0 
183.45 0 0 0 
183.55 0 0 0 
183.65 0 0 0 
183.75 0 0 0 
183.85 0 0 0 
183.95 0 0 0 
184.05 0 0 0 
184.15 0 0 0 
184.25 0 0 0 
184.35 0 0 0 
184.45 0 0 0 
184.55 0 0 0 
184.65 0 0 0 
184.75 0 0 0 
184.85 0 0 0 
184.95 0 0 0 
185.05 0 0 0 
185.15 0 0 0 
185.25 0 0 0 
185.35 0 0 0 
185.45 0 0 0 
185.55 0 0 0 
185.65 0 0 0 
185.75 0 0 0 
185.85 0 0 0 
185.95 0 0 0 
186.05 0 0 0 
186.15 0 0 0 
186.25 0 0 0 
186.35 0 0 0 
186.45 0 0 0 
186.55 0 0 0 
186.65 0 0 0 
186.75 0 0 0 
186.85 0 0 0 
186.95 0 0 0 
187.05 0 0 0 
187.15 0 0 0 
187.25 0 0 0 
187.35 0 0 0 
187.45 0 0 0 
187.55 0 0 0 
187.65 0 0 0 
187.75 0 0 0 
187.85 0 0 0 
187.95 0 0 0 
188.05 0 0 0 
188.15 0 0 0 
188.25 0 0 0 
188.35 0 0 0 
188.45 0 0 0 
188.55 0 0 0 
188.65 0 0 0 
188.75 0 0 0 
188.85 0 0 0 
188.95 0 0 0 
189.05 0 0 0 
189.15 0 0 0 
189.25 0 0 0 
189.35 0 0 0 
189.45 0 0 0 
189.55 0 0 0 
189.65 0 0 0 
189.75 0 0 0 
189.85 0 0 0 
189.95 0 0 0 
190.05 0 0 0 
190.15 0 0 0 
190.25 0 0 0 
190.35 0 0 0 
190.45 0 0 0 
190.55 0 0 0 
190.65 0 0 0 
190.75 0 0 0 
190.85 0 0 0 
190.95 0 0 0 
191.05 0 0 0 
191.15 0 0 0 
191.25 0 0 0 
191.35 0 0 0 
191.45 0 0 0 
191.55 0 0 0 
191.65 0 0 0 
191.75 0 0 0 
191.85 0 0 0 
191.95 0 0 0 
192.05 0 0 0 
192.15 0 0 0 
192.25 0 0 0 
192.35 0 0 0 
192.45 0 0 0 
192.55 0 0 0 
192.65 0 0 0 
192.75 0 0 0 
192.85 0 0 0 
192.95 0 0 0 
193.05 0 0 0 
193.15 0 0 0 
193.25 0 0 0 
193.35 0 0 0 
193.45 0 0 0 
193.55 0 0 0 
193.65 0 0 0 
193.75 0 0 0 
193.85 0 0 0 
193.95 0 0 0 
194.05 0 0 0 
194.15 0 0 0 
194.25 0 0 0 
194.35 0 0 0 
194.45 0 0 0 
194.55 0 0 0 
194.65 0 0 0 
194.75 0 0 0 
194.85 0 0 0 
194.95 0 0 0 
195.05 0 0 0 
195.15 0 0 0 
195.25 0 0 0 
195.35 0 0 0 
195.45 0 0 0 
195.55 0 0 0 
195.65 0 0 0 
195.75 0 0 0 
195.85 0 0 0 
195.95 0 0 0 
196.05 0 0 0 
196.15 0 0 0 
196.25 0 0 0 
196.35 0 0 0 
196.45 0 0 0 
196.55 0 0 0 
196.65 0 0 0 
196.75 0 0 0 
196.85 0 0 0 
196.95 0 0 0 
197.05 0 0 0 
197.15 0 0 0 
197.25 0 0 0 
197.35 0 0 0 
197.45 0 0 0 
197.55 0 0 0 
197.65 0 0 0 
197.75 0 0 0 
197.85 0 0 0 
197.95 0 0 0 
198.05 0 0 0 
198.15 0 0 0 
198.25 0 0 0 
198.35 0 0 0 
198.45 0 0 0 
198.55 0 0 0 
198.65 0 0 0 
198.75 0 0 0 
198.85 0 0 0 
198.95 0 0 0 
199.05 0 0 0 
199.15 0 0 0 
199.25 0 0 0 
199.35 0 0 0 
199.45 0 0 0 
199.55 0 0 0 
199.65 0 0 0 
199.75 0 0 0 
199.85 0 0 0 
199.95 0 0 0 
