# Format: McCode with text headers
# URL: http://www.mccode.org
# Creator: 
# Instrument: McStas_input_HOPG_Ag.instr
# Ncount: 2000000000
# Trace: no
# Gravitation: no
# Seed: -47794045
# Directory: D:\Scientific_Paper_Collaboration_Assistant_System\A_GUI-based_tool_for_calculating_resolution_and_flux_of_neutron_powder_diffractometers\Github_ResoFox\Examples\McStas_input_HOPG_Ag_20250505_085748
# Param: I0=3.64e+014
# Param: Lambda=1.65
# Param: Beta=30
# Param: Mono_d=3.35
# Param: Focus_H=0
# Param: Focus_V=0
# Param: Co1=30
# Param: Co2=30
# Param: Co3=30
# Param: L_MS=2
# Param: L_MSlit3=1.95
# Param: sample=Ag.laz
# Param: detector_bins=314
# Param: detector_height=0.2
# Param: m1=3
# Param: m2=1
# Date: Mon May 05 09:12:08 2025 (1746407528)
# type: array_1d(200)
# Source: NARIDiff (McStas_input_HOPG_Ag.instr)
# component: E_Monitor_1
# position: 0 0 0.00011
# title: Energy monitor
# Ncount: 2000000000
# filename: E_Monitor_1.txt
# statistics: X0=55.7359; dX=37.4619;
# signal: Min=670766; Max=1.03087e+011; Mean=3.96066e+010;
# values: 7.92131e+012 5.76116e+008 9.78267e+008
# xvar: E
# yvar: (I,I_err)
# xlabel: Energy [meV]
# ylabel: Intensity
# xlimits: 0 200
# variables: E I I_err N
0.5 670766.2869 3479.492017 37163 
1.5 1.397630743e+010 886685.1072 308319254 
2.5 2.250918839e+010 2001342.206 136597537 
3.5 3.043560851e+010 3438061.902 81424908 
4.5 3.778324938e+010 5126339.409 55560253 
5.5 4.460199392e+010 7014917.665 41022391 
6.5 5.088697947e+010 9058995.038 31876469 
7.5 5.670384187e+010 11226815.09 25699819 
8.5 6.203685838e+010 13485062.87 21282424 
9.5 6.695680516e+010 15812700.76 18007727 
10.5 7.142799487e+010 18181633.53 15486814 
11.5 7.555448354e+010 20582604.48 13512082 
12.5 7.928984439e+010 22990805.57 11920941 
13.5 8.269388158e+010 25397541.82 10621323 
14.5 8.577997817e+010 27789306.58 9543306 
15.5 8.848036606e+010 30141094.44 8628831 
16.5 9.100145634e+010 32475247.81 7861086 
17.5 9.316429416e+010 34749652.75 7194796 
18.5 9.511765659e+010 36981759.33 6620784 
19.5 9.670951742e+010 39132105.44 6112033 
20.5 9.814679725e+010 41233828.31 5669151 
21.5 9.937337142e+010 43268745.79 5277521 
22.5 1.004650152e+011 45247439.67 4932314 
23.5 1.013371898e+011 47146522.15 4621918 
24.5 1.019252341e+011 48944283.69 4338321 
25.5 1.02484595e+011 50696287.86 4087975 
26.5 1.029157051e+011 52377771.05 3861857 
27.5 1.030255233e+011 53933464.83 3649940 
28.5 1.03087212e+011 55431102.91 3459416 
29.5 1.03002127e+011 56841843.42 3284319 
30.5 1.028591818e+011 58188693.26 3125276 
31.5 1.024963706e+011 59423953.67 2975533 
32.5 1.022355922e+011 60638525.18 2842957 
33.5 1.018013185e+011 61752375.2 2718041 
34.5 1.010889751e+011 62729283.78 2597272 
35.5 1.004813269e+011 63686327.21 2489565 
36.5 9.97189143e+010 64543118.45 2387237 
37.5 9.892522919e+010 65337736.31 2292567 
38.5 9.800762557e+010 66039805.58 2202624 
39.5 9.720388108e+010 66728799.95 2122117 
40.5 9.616983296e+010 67288012.2 2042810 
41.5 9.507895834e+010 67776666.58 1968028 
42.5 9.401232458e+010 68223355.93 1898995 
43.5 9.297175655e+010 68630638.35 1835203 
44.5 9.178109407e+010 68934000.42 1772783 
45.5 9.060910706e+010 69196319.93 1714715 
46.5 8.953871306e+010 69451334.53 1662161 
47.5 8.819907791e+010 69555991.66 1607941 
48.5 8.680727057e+010 69593355.68 1555917 
49.5 8.559273097e+010 69656910.29 1509920 
50.5 8.450923945e+010 69731969.56 1468764 
51.5 8.318717649e+010 69667641.07 1425795 
52.5 8.172533109e+010 69501868.93 1382694 
53.5 8.036371098e+010 69337342.31 1343354 
54.5 7.9146145e+010 69196136.29 1308278 
55.5 7.770139857e+010 68917496.11 1271166 
56.5 7.648665568e+010 68703408.77 1239418 
57.5 7.518621678e+010 68415680.75 1207724 
58.5 7.371545725e+010 68014613.33 1174667 
59.5 7.257700775e+010 67733046.16 1148150 
60.5 7.128832431e+010 67349548.27 1120389 
61.5 6.987224991e+010 66873557.05 1091696 
62.5 6.86243057e+010 66446842.68 1066616 
63.5 6.724943312e+010 65928427.09 1040477 
64.5 6.589259327e+010 65389175.08 1015458 
65.5 6.471020069e+010 64908663 993895 
66.5 6.344913315e+010 64362232.7 971828 
67.5 6.216615997e+010 63778526.04 950078 
68.5 6.082743348e+010 63140428.16 928077 
69.5 5.962662379e+010 62549281.02 908732 
70.5 5.844226531e+010 61943771.08 890141 
71.5 5.707009845e+010 61215479.39 869150 
72.5 5.594225349e+010 60595931.35 852301 
73.5 5.475472681e+010 59923565.38 834926 
74.5 5.359200467e+010 59244714.2 818278 
75.5 5.234954919e+010 58502045.73 800726 
76.5 5.137756836e+010 57892336.08 787599 
77.5 5.022685445e+010 57164825.72 771995 
78.5 4.91689637e+010 56473301.87 758047 
79.5 4.792427357e+010 55657604.6 741417 
80.5 4.697727918e+010 54998758.68 729576 
81.5 4.591644544e+010 54259036.33 716132 
82.5 4.479953065e+010 53471344.17 701949 
83.5 4.378378314e+010 52729947.6 689466 
84.5 4.279872781e+010 51994361.49 677564 
85.5 4.189507079e+010 51296293.6 667045 
86.5 4.090801757e+010 50535627.44 655274 
87.5 3.993288712e+010 49770868.85 643743 
88.5 3.901135955e+010 49028768.09 633114 
89.5 3.80108765e+010 48226500.76 621221 
90.5 3.709972604e+010 47470752.08 610789 
91.5 3.631916493e+010 46789686.56 602523 
92.5 3.532764132e+010 45963941.88 590741 
93.5 3.448121662e+010 45223509.64 581352 
94.5 3.370276234e+010 44520301.07 573083 
95.5 3.283590463e+010 43751261.03 563274 
96.5 3.204962788e+010 43028858.35 554791 
97.5 3.132638152e+010 42342385.99 547360 
98.5 3.055810453e+010 41619830.5 539083 
99.5 2.97494117e+010 40863512.22 530016 
100.5 2.906649885e+010 40188235.11 523108 
101.5 2.822885183e+010 39400328.32 513323 
102.5 2.760391834e+010 38755822.56 507308 
103.5 2.690348348e+010 38054273.26 499821 
104.5 2.620841266e+010 37352349.21 492323 
105.5 2.55927123e+010 36703021.14 486221 
106.5 2.489093269e+010 35988401.37 478368 
107.5 2.427727982e+010 35333934.71 472086 
108.5 2.368418299e+010 34691410.36 466099 
109.5 2.308320055e+010 34040605 459836 
110.5 2.243775987e+010 33354417.16 452541 
111.5 2.187165959e+010 32724225.91 446715 
112.5 2.135156604e+010 32126915.92 441700 
113.5 2.072523093e+010 31447495.61 434343 
114.5 2.023170341e+010 30866567.68 429630 
115.5 1.967065657e+010 30232773.5 423339 
116.5 1.918702589e+010 29657161.12 418565 
117.5 1.867354962e+010 29057409.65 412997 
118.5 1.816177859e+010 28457708.35 407309 
119.5 1.769193111e+010 27889880.94 402406 
120.5 1.724323307e+010 27337919.96 397845 
121.5 1.678604797e+010 26779157.14 392926 
122.5 1.630562028e+010 26200807.65 387305 
123.5 1.587797446e+010 25664577.5 382763 
124.5 1.552762819e+010 25190900.5 379954 
125.5 1.50233128e+010 24592064.72 373207 
126.5 1.467653232e+010 24121724.02 370202 
127.5 1.427369415e+010 23605730.9 365634 
128.5 1.386229317e+010 23082395.87 360676 
129.5 1.347231473e+010 22577190.76 356085 
130.5 1.314987867e+010 22128890.95 353129 
131.5 1.2790452e+010 21650497.91 349016 
132.5 1.246563803e+010 21201769.6 345696 
133.5 1.210214874e+010 20720598.3 341138 
134.5 1.176237833e+010 20260148.02 337066 
135.5 1.145227384e+010 19826466.71 333659 
136.5 1.110285157e+010 19358986.57 328938 
137.5 1.085868959e+010 18984123.5 327178 
138.5 1.058156982e+010 18581834.27 324290 
139.5 1.021740951e+010 18103623.81 318538 
140.5 9942204705 17704659.07 315356 
141.5 9689145587 17326924.44 312708 
142.5 9389912166 16908469.26 308408 
143.5 9143228040 16538652.91 305640 
144.5 8862460392 16138872.02 301560 
145.5 8684296412 15833660.58 300828 
146.5 8429465678 15459989.85 297299 
147.5 8181489291 15093562.1 293828 
148.5 7955840251 14749083.03 290974 
149.5 7747294653 14421720.09 288588 
150.5 7502414590 14061826.8 284663 
151.5 7304920695 13747338.94 282362 
152.5 7100982068 13428161.67 279651 
153.5 6903278880 13116241.08 277016 
154.5 6698733694 12799122.1 273929 
155.5 6513255381 12501477.58 271448 
156.5 6316189769 12194079.92 268303 
157.5 6160538703 11927906.37 266761 
158.5 5965433574 11624709.65 263350 
159.5 5801800212 11353690.5 261135 
160.5 5619160628 11065310.49 257887 
161.5 5479998727 10820874.66 256478 
162.5 5337704992 10574882.75 254784 
163.5 5174240025 10309383.53 251908 
164.5 5035153757 10069406.59 250053 
165.5 4879805952 9814336.74 247228 
166.5 4723768034 9559937.443 244164 
167.5 4612190971 9351745.786 243245 
168.5 4471017489 9114854.212 240618 
169.5 4353457391 8903153.519 239109 
170.5 4226972817 8683850.323 236946 
171.5 4086169058 8451038.543 233791 
172.5 3972501553 8247372.143 232013 
173.5 3871105941 8057764.289 230811 
174.5 3752913447 7852077.485 228446 
175.5 3637321932 7650050.45 226074 
176.5 3542249877 7470926.795 224815 
177.5 3439975875 7285439.727 222954 
178.5 3349036939 7113147.625 221683 
179.5 3233271454 6915684.133 218590 
180.5 3144339351 6747963.025 217135 
181.5 3053119815 6578917.494 215375 
182.5 2957161809 6405934.683 213109 
183.5 2878907114 6253164.111 211969 
184.5 2790032332 6089961.349 209897 
185.5 2702839272 5929662.042 207777 
186.5 2625204486 5780959.981 206226 
187.5 2544278104 5629678.61 204258 
188.5 2481382132 5499294.844 203606 
189.5 2409753547 5360371.834 202103 
190.5 2329223414 5212539.052 199683 
191.5 2268760876 5088187.702 198824 
192.5 2199824035 4955187.566 197094 
193.5 2133443185 4826115.577 195427 
194.5 2066786953 4697631.329 193576 
195.5 2016378254 4588571.514 193111 
196.5 1951478467 4463907.744 191124 
197.5 1892802028 4347273.048 189581 
198.5 1836336741 4234079.907 188107 
199.5 1776470145 4117795.636 186125 
