# Format: McCode with text headers
# URL: http://www.mccode.org
# Creator: 
# Instrument: McStas_input_HOPG_Ag.instr
# Ncount: 2000000000
# Trace: no
# Gravitation: no
# Seed: -47794045
# Directory: D:\Scientific_Paper_Collaboration_Assistant_System\A_GUI-based_tool_for_calculating_resolution_and_flux_of_neutron_powder_diffractometers\Github_ResoFox\Examples\McStas_input_HOPG_Ag_20250505_085748
# Param: I0=3.64e+014
# Param: Lambda=1.65
# Param: Beta=30
# Param: Mono_d=3.35
# Param: Focus_H=0
# Param: Focus_V=0
# Param: Co1=30
# Param: Co2=30
# Param: Co3=30
# Param: L_MS=2
# Param: L_MSlit3=1.95
# Param: sample=Ag.laz
# Param: detector_bins=314
# Param: detector_height=0.2
# Param: m1=3
# Param: m2=1
# Date: Mon May 05 09:12:08 2025 (1746407528)
# type: array_1d(200)
# Source: NARIDiff (McStas_input_HOPG_Ag.instr)
# component: E_Monitor_2
# position: 0 0 7.0011
# title: Energy monitor
# Ncount: 2000000000
# filename: E_Monitor_2.txt
# statistics: X0=47.3688; dX=34.3759;
# signal: Min=665597; Max=9.24398e+010; Mean=2.78378e+010;
# values: 5.56755e+012 4.42977e+008 9.62602e+008
# xvar: E
# yvar: (I,I_err)
# xlabel: Energy [meV]
# ylabel: Intensity
# xlimits: 0 200
# variables: E I I_err N
0.5 665596.9597 3452.892652 37160 
1.5 1.386826283e+010 879897.6409 308285930 
2.5 2.233515999e+010 1986020.01 136582752 
3.5 3.019165174e+010 3410586.537 81415899 
4.5 3.7393564e+010 5073327.811 55554105 
5.5 4.397127802e+010 6916050.811 41017857 
6.5 4.994014378e+010 8892076.278 31873018 
7.5 5.538178301e+010 10969042.48 25697042 
8.5 6.029260902e+010 13113400.67 21280096 
9.5 6.475670372e+010 15305449.8 18005752 
10.5 6.874506622e+010 17517344.33 15485053 
11.5 7.237088226e+010 19741702.86 13510648 
12.5 7.559005005e+010 21953856.22 11919608 
13.5 7.847424046e+010 24148443.46 10620151 
14.5 8.103244029e+010 26310901.13 9542270 
15.5 8.321701936e+010 28422082.71 8627897 
16.5 8.521294231e+010 30499733.13 7860223 
17.5 8.686298703e+010 32507330.87 7193971 
18.5 8.831520933e+010 34464211.64 6620074 
19.5 8.942609919e+010 36333269.1 6111343 
20.5 9.03836899e+010 38143204.74 5668533 
21.5 9.115753268e+010 39886136.47 5276951 
22.5 9.17792562e+010 41556494.02 4931762 
23.5 9.220758585e+010 43148162.11 4621411 
24.5 9.235716285e+010 44630182.59 4337867 
25.5 9.243977138e+010 46044851.11 4087511 
26.5 9.234133375e+010 47361835.85 3861478 
27.5 9.181989922e+010 48506278.7 3649517 
28.5 9.10569225e+010 49519574.23 3459041 
29.5 8.99099477e+010 50375253.23 3283928 
30.5 8.843684367e+010 51095421.3 3124954 
31.5 8.665494681e+010 51710011.08 2975224 
32.5 8.48922348e+010 52294784.95 2842589 
33.5 8.302152105e+010 52808605.01 2717721 
34.5 8.095583328e+010 53194348.51 2597005 
35.5 7.907552862e+010 53577736.25 2489262 
36.5 7.7174439e+010 53899471.13 2386963 
37.5 7.531122563e+010 54164474.15 2292297 
38.5 7.342106605e+010 54351098.8 2202396 
39.5 7.178280243e+010 54576780.92 2121888 
40.5 7.000620074e+010 54686221.54 2042614 
41.5 6.826310362e+010 54750374.76 1967793 
42.5 6.663168939e+010 54799687.92 1898789 
43.5 6.505541117e+010 54812433.1 1834970 
44.5 6.347555563e+010 54774548.09 1772580 
45.5 6.192582152e+010 54696623.09 1714522 
46.5 6.052133131e+010 54638553.11 1661985 
47.5 5.899311008e+010 54469197.88 1607759 
48.5 5.744077841e+010 54238672.2 1555756 
49.5 5.608923324e+010 54060241.64 1509762 
50.5 5.476386679e+010 53853970.36 1468582 
51.5 5.341200865e+010 53584872.96 1425643 
52.5 5.205162744e+010 53271635.74 1382542 
53.5 5.069436828e+010 52927556.61 1343195 
54.5 4.956450855e+010 52656947.77 1308144 
55.5 4.819438336e+010 52208505.96 1271028 
56.5 4.711259043e+010 51900679.11 1239272 
57.5 4.595805232e+010 51514680.56 1207617 
58.5 4.470457361e+010 51038840.15 1174534 
59.5 4.366414518e+010 50647437.9 1148025 
60.5 4.254735818e+010 50178653.32 1120272 
61.5 4.150366327e+010 49725927.42 1091564 
62.5 4.044187052e+010 49232677.12 1063358 
63.5 3.936696482e+010 48713974.97 1025704 
64.5 3.828052319e+010 48150763.51 989047 
65.5 3.74446382e+010 47723472.48 957266 
66.5 3.643244274e+010 47157509.33 925337 
67.5 3.551751633e+010 46629563.95 894623 
68.5 3.456112764e+010 46058683.23 865196 
69.5 3.369777375e+010 45517154.76 838225 
70.5 3.28640325e+010 44982375.67 812988 
71.5 3.189215286e+010 44333984.75 785778 
72.5 3.111382631e+010 43790419.17 763772 
73.5 3.029270018e+010 43206591.38 740216 
74.5 2.956020525e+010 42670948.67 719599 
75.5 2.869763773e+010 42007269.1 697146 
76.5 2.800883895e+010 41475526.53 679510 
77.5 2.725083591e+010 40868403.14 660613 
78.5 2.657484819e+010 40310689.91 643040 
79.5 2.575510761e+010 39625850.69 623308 
80.5 2.517901849e+010 39118579.81 608640 
81.5 2.454234215e+010 38552380.4 592969 
82.5 2.379113142e+010 37874236.23 576463 
83.5 2.315524439e+010 37281850.96 561210 
84.5 2.258714746e+010 36742834.63 547535 
85.5 2.20222246e+010 36182481.14 535631 
86.5 2.140768221e+010 35574008.53 522183 
87.5 2.078148727e+010 34945195.34 508962 
88.5 2.027132914e+010 34409828.23 497037 
89.5 1.966248917e+010 33779879.45 484415 
90.5 1.912983374e+010 33199851.07 472642 
91.5 1.8659461e+010 32675129.53 463744 
92.5 1.812284322e+010 32081523.91 451656 
93.5 1.762637746e+010 31517691.92 441860 
94.5 1.716271659e+010 30977745.04 432340 
95.5 1.666579837e+010 30397885.48 422941 
96.5 1.620023165e+010 29840862.26 413641 
97.5 1.581582345e+010 29351965.53 406042 
98.5 1.539325321e+010 28823539.92 397323 
99.5 1.491613981e+010 28242697.91 388447 
100.5 1.452333531e+010 27733451.91 381092 
101.5 1.404576033e+010 27135320.73 371459 
102.5 1.372798146e+010 26690481.97 365588 
103.5 1.332336269e+010 26156276.1 358326 
104.5 1.294317318e+010 25642860.18 351054 
105.5 1.263725771e+010 25202815.18 344681 
106.5 1.224312986e+010 24670413.58 337341 
107.5 1.192813091e+010 24211231.43 331916 
108.5 1.157776932e+010 23713124.19 325493 
109.5 1.127879565e+010 23269211.1 319795 
110.5 1.090977289e+010 22741749.36 312825 
111.5 1.060890372e+010 22296078.61 307038 
112.5 1.034750927e+010 21879244.29 302678 
113.5 9998881086 21372467.06 295989 
114.5 9779179508 21004168.73 291499 
115.5 9464172171 20523635.91 286222 
116.5 9234406401 20144055.65 282091 
117.5 8954747840 19701625.59 276457 
118.5 8705781962 19293150.3 272072 
119.5 8444412578 18870540.74 267477 
120.5 8209290089 18477466.62 263306 
121.5 7966100689 18075399.22 258596 
122.5 7732309013 17680787.25 253860 
123.5 7532176356 17324755.64 250300 
124.5 7348268141 16985359.4 247458 
125.5 7094988737 16567455.09 242250 
126.5 6899238195 16214421.16 238818 
127.5 6710698638 15870665.84 235428 
128.5 6513760319 15518426.81 231171 
129.5 6300504618 15141552.1 227284 
130.5 6155629180 14851567.21 224727 
131.5 5967171616 14507177.1 221138 
132.5 5800310883 14187605.48 218400 
133.5 5621934499 13856249.12 215013 
134.5 5459814429 13545586.01 211479 
135.5 5295521312 13234155.28 208275 
136.5 5130957283 12921764.71 204417 
137.5 5033255475 12689158.99 203170 
138.5 4876879280 12387012.63 200452 
139.5 4715677499 12076157.81 196586 
140.5 4575219555 11795488.74 194546 
141.5 4461249289 11547918.21 192067 
142.5 4291991833 11229369.73 188282 
143.5 4190372462 10999239.42 186405 
144.5 4054218701 10728079.42 183200 
145.5 3963197760 10509045.7 182060 
146.5 3830882555 10241499.74 179142 
147.5 3726313795 10011127.1 176601 
148.5 3610846950 9768781.619 174538 
149.5 3517331481 9552601.738 172769 
150.5 3396822291 9302687.758 169779 
151.5 3314402390 9104614.567 168456 
152.5 3217674001 8888876.91 166224 
153.5 3118141016 8668336.691 164026 
154.5 3015034278 8445784.806 161445 
155.5 2940370836 8263983.007 159667 
156.5 2840106492 8043431.405 157593 
157.5 2763785735 7860004.912 156198 
158.5 2677714416 7661628.538 153961 
159.5 2598810498 7477556.023 151823 
160.5 2518716878 7289280.177 150064 
161.5 2455271820 7127642.886 148999 
162.5 2387173268 6959747.24 147314 
163.5 2313424470 6784998.589 145177 
164.5 2245701552 6619903.352 144126 
165.5 2169141615 6442324.048 141738 
166.5 2104075409 6282441.314 139982 
167.5 2040641278 6125863.168 138614 
168.5 1985669401 5982229.968 137318 
169.5 1923873991 5827726.227 135661 
170.5 1872751773 5693062.927 134772 
171.5 1811088893 5541388.606 132729 
172.5 1759508262 5406849.847 131075 
173.5 1715184413 5283824.963 130328 
174.5 1649131110 5127584.487 128144 
175.5 1612110716 5018755.284 127602 
176.5 1555393537 4877717.809 125708 
177.5 1511336876 4758364.567 124671 
178.5 1473394323 4649310.28 123590 
179.5 1419800937 4517237.508 121521 
180.5 1383882796 4411417.617 120884 
181.5 1337773218 4292804.023 119270 
182.5 1292301147 4174362.062 117964 
183.5 1260268015 4078862.324 117151 
184.5 1220183404 3971279.278 115683 
185.5 1180989185 3864907.875 114360 
186.5 1143937948 3763486.544 113145 
187.5 1108641484 3664400.501 112064 
188.5 1079434068 3577219.87 111442 
189.5 1044829569 3481342.896 109976 
190.5 1012731418 3389912.87 108862 
191.5 984497640 3306242.693 108102 
192.5 951914980.3 3215431.192 106534 
193.5 924340526.6 3133672.86 105835 
194.5 892206442.3 3044963.622 104350 
195.5 871783327.3 2976914.916 104243 
196.5 842989102.3 2895079.442 102596 
197.5 820322238.1 2823906.182 101986 
198.5 790048563.1 2740972.665 100578 
199.5 765231761.9 2667131.582 99670 
